122883 -53178
123613 -53737
125680 -52695
127391 -50952
128516 -50528
129685 -50588
131121 -50331
133332 -49078
134147 -49177
134150 -49278
135077 -49651
136711 -48573
137249 -48732
137920 -50411
139865 -51587
140137 -52086
140076 -53183
139696 -53884
139554 -54832
140497 -56324
140182 -58091
140853 -58753
141484 -59036
141481 -58934
143787 -60275
144813 -61280
145066 -62620
144294 -65067
144935 -65247
145789 -65725
145793 -65826
146531 -65901
147446 -64595
148826 -64875
150485 -65144
151269 -65090
152309 -64390
152340 -63880
154095 -61269
153113 -59397
151990 -57834
150082 -55639
148979 -53899
148809 -52760
148970 -51609
149664 -50488
149943 -49130
150472 -48346
152677 -46966
152877 -46195
152571 -44781
151436 -44238
150929 -42883
150541 -42693
148439 -43433
146725 -43724
146069 -43113
145215 -43323
143766 -41187
143792 -39812
144151 -38577
143484 -36973
143770 -35131
144262 -34017
144528 -33016
144108 -31250
144125 -31020
145824 -28947
146358 -27630
147264 -26782
147794 -26025
147622 -24809
147909 -23654
148334 -23511
149687 -23741
150342 -23640
152350 -22420
154163 -21387
155023 -21330
155902 -21806
156509 -21758
157786 -19955
158102 -20275
158298 -21438
159177 -22601
159155 -23365
158628 -24200
158499 -25502
158928 -26148
159527 -26558
159857 -26571
160230 -26354
160808 -26231
162030 -27050
162805 -28804
163387 -29443
163894 -29451
165102 -29202
166452 -29381
167191 -28794
168302 -28676
169459 -29117
169803 -29486
170286 -29519
170926 -29011
172188 -28837
173878 -29971
174642 -30070
175143 -29899
175670 -29090
176336 -26546
176234 -26549
176962 -24970
177063 -24967
176883 -23549
177084 -22116
177024 -21889
177126 -21886
176637 -21013
174956 -19447
173948 -18925
172551 -18874
170616 -19327
170096 -18991
169957 -17978
169528 -16671
168659 -14413
168851 -13465
169316 -13015
171558 -10591
170120 -8735
170896 -7817
173322 -6250
173430 -5739
173037 -4709
172156 -3521
171842 -2565
172239 -1686
173273 -859
173778 -127
174004 1967
174296 2309
174900 3756
175138 5545
175097 5742
174860 6883
174672 8504
175131 9793
175507 11919
176303 12153
176284 13234
176468 14436
174930 15677
174233 16085
173647 16193
172781 16340
171795 17017
171231 17226
171343 17538
171021 18697
168830 21032
168420 21143
167274 20643
165424 19965
164865 19307
164230 16639
163582 15673
162538 15126
162255 14556
162763 13177
161460 12085
161307 12105
160312 12271
158584 13098
158159 12929
157414 11833
157515 11837
157261 10480
157160 10476
156680 9745
156782 9749
156981 7111
156653 6412
155008 6351
153782 5925
151163 4072
149635 3609
148241 3583
147362 3372
145445 5158
144051 5158
143428 5567
142531 7187
140974 8834
139717 9247
139270 9254
138804 9263
137914 10019
137411 10611
136271 10595
135428 10766
134831 10465
133336 11123
132142 11892
131551 12099
131547 12227
130643 12676
130339 12665
129655 13352
129684 13938
129833 15368
129340 16367
130003 18325
130655 19875
129392 21127
129665 21976
129434 22730
128721 22831
126307 21623
124726 22556
123614 23177
123610 23279
122509 24281
121359 24519
120450 24434
119271 24798
117516 24962
117511 25089
116152 25550
113662 26397
111732 26504
110612 25930
109052 26330
108841 26373
108515 26438
106237 25693
105245 25784
103683 26897
102582 26525
101421 26406
99902 25665
99514 25879
99304 26627
99429 27012
99989 27642
101763 28975
102495 29738
102722 30482
102769 31273
101776 35026
100762 37228
100426 38133
100207 39320
100207 40744
101314 45180
102624 48175
103298 49851
104366 51108
105150 53246
105608 53897
106006 54088
106841 54779
107424 55717
107487 55819
107559 56634
108186 58207
109568 60595
109757 60982
109784 61248
111615 61479
112734 61644
113096 62031
113212 62286
113384 62731
113118 63222
112214 64068
111825 64494
112063 65815
111625 68164
111768 69108
112194 69937
111402 70876
110794 70905
109952 71104
108878 72134
108625 72150
108210 71729
107808 71665
107178 72303
106659 73378
105870 74240
105389 74961
104420 76300
103368 79413
103405 79771
102062 80458
99771 82154
97005 84340
93837 86460
92670 87206
89156 89085
84679 90980
83058 92369
81297 92712
79695 92222
77780 91948
76445 92433
74601 93687
74525 93685
73109 93607
71558 93780
69911 94482
67641 94934
65884 95200
63385 94956
62260 94559
60202 93341
60004 93233
56911 91926
55907 91685
54964 91830
54564 91688
53647 92545
52283 94528
51577 95824
51833 96443
53181 96289
53472 96630
53175 97152
50725 98360
49457 98733
48574 98994
47992 100370
46453 99527
45404 98372
45211 98160
45794 97444
47569 96696
47885 96351
47336 95442
47090 94265
46337 94458
45091 95381
44150 95640
42549 96158
42409 96508
42599 97557
42533 98673
41512 99602
41441 100204
41402 100537
42071 101628
42408 102124
42379 102911
41621 103569
40058 103360
38946 102609
38657 102904
39039 104238
38941 104845
38369 105942
36835 107055
36122 107156
35708 106709
36221 105128
35953 104126
35469 103525
35008 103661
34976 104548
34632 104943
34455 105648
34527 106820
34266 107344
33232 107941
32009 108151
30084 108158
29715 107865
29796 107029
30266 106615
30272 105776
29335 105768
28468 105940
27869 105690
27135 104978
25397 104711
24527 104274
23152 102836
21925 101284
21743 100032
21201 99605
20552 98642
19157 97296
18829 96573
19208 95874
19082 95870
19303 95661
18478 93663
18675 93111
19583 92509
20547 91756
20551 91654
22854 91711
22941 91409
22688 90689
22763 90031
23442 89648
23646 90825
24152 90844
24618 90555
25441 90916
26640 90653
27143 90773
27332 91136
27073 91990
27440 92360
28127 92257
28431 92954
29204 93287
31235 93158
32305 93704
34178 91717
34372 90998
34190 90406
33747 90062
33113 90117
33314 90885
33252 91491
32971 91280
32481 90831
32282 90012
32606 88702
32927 87493
32774 86801
32204 85741
32173 85350
30206 85902
30527 86829
30168 87655
29510 88183
29229 88409
28568 88488
27298 89280
26736 89412
26024 88090
24678 87482
22557 85907
22081 85051
22422 84732
23926 84483
24217 84137
24270 83410
24069 83352
23169 83066
21790 82715
21034 82638
20463 82339
20009 82298
19822 82358
18782 82688
18499 82831
17828 83214
17425 83175
16571 82281
15692 82100
14272 82204
12818 82585
12535 82703
12354 82824
12044 83016
11012 84328
10083 84881
9942 85307
10038 86175
9641 86694
8972 87003
8293 86932
7687 86883
6825 87666
6544 87517
5501 87081
5192 86928
5016 86905
4781 86905
4575 87057
4281 87647
3913 88105
3340 88234
2708 87820
2283 87340
1710 86490
1357 86184
696 85661
49 85269
-642 85094
-1568 84920
-2083 84397
-2516 84173
-2906 83904
-4065 83762
-4553 83264
-5148 81464
-5467 81174
-5921 81133
-6383 81346
-7463 81869
-7940 81750
-8592 80864
-9141 80667
-10045 80458
-10994 80122
-11576 80128
-12355 80711
-12866 80871
-13646 80769
-15744 80748
-15940 80564
-16221 79894
-16491 79655
-17045 79586
-17965 79884
-18716 80394
-18934 80843
-19205 82842
-19668 83791
-19876 83961
-20668 84214
-21429 84290
-22587 84123
-24216 83713
-25039 84092
-25469 84103
-26115 83776
-26177 83367
-26479 82594
-27571 81262
-27991 80968
-29066 80623
-29142 80600
-30179 80284
-30462 80221
-34099 79407
-34864 79033
-35668 78640
-36120 78547
-37265 78684
-38099 79287
-38773 79774
-39728 80826
-39374 81710
-39023 81825
-38728 82800
-38553 82857
-38460 83090
-37994 82801
-37175 83288
-37287 84301
-37649 84570
-38068 84882
-37139 85903
-37577 86755
-38229 86580
-38717 86054
-39541 85720
-40105 85191
-40146 85122
-40464 84594
-40565 84590
-41174 83907
-42159 83334
-43769 83441
-43934 83454
-44808 83525
-45008 83881
-46085 83835
-46185 83807
-46290 83664
-47176 82449
-47961 81024
-48635 80282
-50058 78714
-50299 76951
-49350 75892
-49167 75034
-50148 73398
-51113 72754
-51690 72581
-52124 72693
-52314 73042
-54492 74464
-55255 74539
-56336 72875
-55515 72598
-54678 72551
-54023 72012
-54100 71962
-54155 71376
-54498 71059
-54855 71121
-56673 68796
-57756 67892
-58577 67482
-60119 67402
-62268 67987
-63836 67907
-64089 67897
-67207 67254
-68614 66187
-69279 66393
-69798 67442
-70446 67877
-72193 67840
-72553 67949
-73780 68319
-74584 68849
-74285 69699
-74052 71004
-73269 73217
-73413 73720
-74517 73401
-74513 73300
-75412 73430
-76953 74967
-78181 75331
-80777 74224
-81788 74162
-84472 74856
-86043 75588
-86701 75590
-87429 75395
-88759 75036
-89098 74591
-89177 73241
-87906 70923
-88079 70078
-89613 69769
-90761 68559
-92390 68045
-92685 66357
-93065 65632
-94213 65134
-94314 65131
-94446 63830
-94825 63079
-95645 62618
-96641 61389
-97481 60062
-97351 59254
-95000 60099
-94385 59916
-92662 59901
-91256 59544
-89947 59792
-87352 60901
-85933 60899
-84637 60055
-84186 58776
-83622 57854
-83808 57502
-84061 56513
-84732 56161
-85711 55924
-86923 55121
-87120 54225
-88041 53026
-88360 52735
-88709 52571
-89646 52616
-90391 52209
-90865 52016
-91350 52127
-91935 52234
-92236 52173
-92422 51684
-92319 50875
-91860 50025
-91904 49058
-92142 47880
-92051 47426
-91611 47137
-92347 46450
-92796 46282
-93104 45662
-93725 45312
-94109 44688
-94808 44437
-95321 43886
-95941 43509
-97459 42035
-97655 41088
-98053 40871
-98435 40198
-98729 39933
-99983 39612
-100273 39195
-100294 39067
-100104 38692
-99187 38494
-98977 38272
-99145 37988
-100605 37048
-102219 35393
-102816 35094
-103724 34250
-104850 33882
-105396 33559
-106055 33613
-106601 33289
-107456 32397
-107932 32253
-108119 31790
-107729 30734
-107917 30297
-108064 30165
-109932 30026
-110651 29595
-111130 28053
-111598 27657
-112672 27241
-112801 26447
-112874 25630
-112000 25279
-111827 24675
-113915 24220
-115119 23136
-116165 21166
-117034 19941
-117735 19687
-119811 19615
-121402 18745
-122310 18611
-124631 17589
-125644 17555
-126462 17017
-126792 17031
-127261 17421
-128028 16886
-129928 14658
-131969 12145
-132026 11609
-131613 10657
-130267 8959
-129652 8182
-130005 4507
-130406 3628
-131531 2470
-131835 1721
-131866 448
-132643 -546
-132676 -1055
-132295 -1805
-130804 -3128
-130778 -3889
-131935 -5583
-133394 -6652
-135559 -7057
-136962 -9015
-137308 -9255
-137455 -9413
-138391 -10184
-139785 -10919
-139757 -10997
-141539 -12227
-144484 -13576
-145020 -14179
-146081 -15767
-148892 -18029
-150877 -20006
-152872 -21679
-154624 -23062
-157203 -25441
-157689 -26069
-157640 -26754
-155983 -28478
-154873 -30501
-154899 -31213
-156934 -33218
-160271 -37889
-160670 -38794
-160215 -39490
-160126 -41319
-160873 -42439
-161218 -43470
-160937 -44249
-158270 -45861
-157043 -46862
-155828 -48271
-155025 -49603
-154607 -50570
-155001 -51627
-156307 -53453
-157543 -55100
-157814 -56788
-158617 -57758
-159012 -58077
-159071 -59301
-158223 -61079
-158200 -61740
-158615 -62212
-160571 -62841
-160827 -62772
-162767 -63120
-163926 -64076
-165260 -63639
-167057 -64465
-167756 -65508
-168834 -65876
-169046 -66341
-169990 -67622
-169843 -68202
-169375 -68542
-168204 -68647
-168432 -70137
-169822 -73190
-169307 -73427
-166538 -73559
-165201 -74073
-164464 -74125
-163640 -73026
-163003 -72394
-161543 -72801
-160170 -72905
-157465 -73396
-156133 -72307
-153506 -71274
-151824 -69161
-149771 -67123
-146417 -65860
-145570 -65424
-144704 -64745
-144277 -63953
-143852 -62852
-143949 -61727
-144283 -61612
-144714 -60889
-145605 -61505
-146675 -62077
-147446 -61799
-149293 -59725
-148601 -58479
-148500 -58476
-148609 -57413
-149415 -56217
-150336 -55994
-150381 -55436
-147502 -50730
-146817 -50019
-143973 -47935
-143073 -46835
-141112 -45621
-139394 -45458
-136375 -44769
-136123 -44735
-133755 -44296
-131519 -42970
-129958 -41924
-128655 -40759
-127614 -40086
-126323 -40015
-121438 -40506
-117967 -40410
-114747 -40424
-112672 -41040
-112668 -41141
-111059 -41466
-107825 -42574
-106602 -42761
-104258 -43798
-104106 -44530
-104305 -45352
-104947 -46570
-105391 -47630
-105402 -48593
-105400 -49539
-106160 -50303
-107629 -51067
-107895 -51434
-107770 -52090
-106841 -53280
-105909 -53832
-105802 -54718
-105250 -55259
-104609 -55465
-103922 -56255
-103484 -56444
-103065 -57549
-101438 -58383
-101056 -59158
-101643 -61927
-102800 -63648
-103884 -64552
-104464 -66074
-104941 -66930
-105143 -68413
-104887 -70644
-105220 -71267
-106521 -72484
-107114 -73649
-107069 -74946
-106672 -75415
-105222 -76256
-102107 -76121
-101162 -76316
-98655 -76916
-98256 -77436
-98259 -78073
-98473 -79201
-98795 -80153
-98559 -81087
-99757 -83089
-99896 -84163
-99636 -85071
-98866 -85323
-98209 -85249
-96264 -82865
-95658 -82792
-95100 -84249
-94445 -84771
-93664 -85395
-93053 -86900
-91728 -88508
-91281 -89663
-90023 -90816
-88790 -93420
-89861 -94679
-89743 -95158
-89146 -95545
-87742 -95801
-87145 -96188
-86958 -97174
-87372 -98360
-87420 -99047
-86863 -99130
-86406 -99879
-86532 -99883
-84248 -102781
-83771 -104087
-83872 -104092
-82873 -105075
-82699 -106417
-82353 -106889
-81282 -107029
-79945 -105379
-79078 -104787
-78194 -104680
-76014 -106792
-75068 -106988
-74621 -106718
-74517 -106078
-74713 -105575
-74717 -104736
-73911 -103867
-73159 -103611
-71642 -103456
-70599 -103547
-69239 -102555
-68182 -100890
-67613 -100487
-66929 -100464
-65201 -101242
-64045 -100946
-63385 -100974
-62786 -101412
-60713 -102636
-60216 -101626
-59615 -101400
-58524 -101413
-58073 -101244
-56064 -99239
-54034 -98555
-53671 -98058
-53808 -97071
-53597 -96580
-52309 -96408
-51378 -95483
-50796 -95462
-49823 -95707
-49292 -95663
-49191 -95660
-48583 -94925
-48535 -94134
-47950 -92740
-46588 -92512
-46013 -93001
-45472 -93950
-44898 -94387
-43897 -94733
-42453 -94682
-39964 -94059
-38853 -94606
-38325 -95198
-38175 -95854
-37444 -96438
-35904 -96918
-35798 -98468
-35418 -99167
-35105 -99410
-34342 -99486
-33739 -99311
-32603 -98431
-32609 -98277
-31651 -98116
-31083 -98376
-28805 -100382
-28317 -100543
-27582 -99830
-27002 -99732
-24758 -100060
-23774 -99897
-23168 -99112
-23182 -98574
-23228 -96722
-22917 -96201
-22606 -94968
-22707 -94972
-21063 -92724
-20170 -92158
-16749 -92060
-13979 -92191
-13270 -91453
-12222 -89557
-11882 -88425
-10637 -87082
-10411 -86285
-11012 -84397
-10998 -83353
-10533 -82190
-9296 -80620
-7402 -79661
-5071 -79603
-4297 -79244
-3624 -77515
-2916 -76751
-1391 -76137
-1078 -75667
-1296 -73842
-249 -71895
-167 -71359
-1393 -69723
-2177 -66951
-2582 -66278
-4135 -64680
-6087 -63299
-6201 -62947
-5481 -62145
-4713 -61290
-3370 -59155
-2510 -58387
-1728 -58256
-412 -58897
1564 -58826
2511 -58359
3999 -56728
5054 -54324
6527 -53685
7685 -52040
9883 -51096
11075 -50417
11738 -49096
11444 -47987
10443 -47640
9589 -47162
9418 -46634
9696 -45912
10427 -45097
12257 -44496
13913 -43291
14509 -42964
14932 -42721
17361 -41870
18304 -41301
19460 -41005
21160 -41046
21601 -41335
22543 -42828
22812 -43964
22546 -45729
23051 -47085
23039 -47442
22436 -49704
22833 -50885
23077 -51308
22941 -52458
22526 -53619
22407 -55227
21883 -56162
21223 -56847
20605 -58702
20503 -58705
20559 -59543
22177 -62209
21904 -63770
22116 -64043
23614 -65491
24685 -66342
27052 -67276
27055 -67377
28065 -67952
28701 -68693
30580 -71577
31315 -72951
32343 -74033
32445 -74743
32926 -75515
33360 -76211
34128 -77100
34597 -78152
35796 -78339
37040 -78369
37835 -79308
39905 -79742
39958 -79819
40440 -80512
40987 -80570
41688 -80645
44170 -79843
44414 -79821
44650 -79800
44880 -79924
45870 -80462
47289 -81232
48482 -81264
49377 -80062
51379 -82102
51278 -82105
52237 -83395
53098 -84051
53201 -84785
52922 -85483
52189 -86247
51072 -86237
51731 -87614
51295 -88189
50058 -89049
50054 -88947
48684 -90320
48135 -91281
48310 -91912
48985 -92346
50053 -92409
51837 -93337
54072 -95630
54955 -96075
55307 -96105
55591 -96128
56188 -96514
56223 -98881
56691 -99882
57771 -101311
58396 -102137
58395 -103486
59668 -105706
59795 -106414
59222 -106715
58411 -107432
57896 -108622
57887 -109768
58765 -109809
59788 -109036
60625 -109032
61777 -110009
62545 -110210
63368 -109798
63903 -109855
64302 -110375
64513 -111310
65111 -111696
65846 -111669
66595 -111337
67161 -110765
67220 -109685
68208 -107561
68317 -106386
68619 -105611
69977 -104594
70973 -102674
70811 -102400
70807 -102298
70093 -102196
69670 -101015
68770 -100692
68237 -99973
68233 -99871
66746 -100154
65963 -99546
65664 -98997
65222 -96594
64448 -95553
63872 -94352
64587 -93078
66075 -92134
66060 -91731
66024 -90736
65786 -90221
65225 -89009
65212 -87253
66082 -86050
67289 -85064
67292 -85166
69507 -84678
70147 -84146
70655 -82090
70637 -80895
70041 -79135
70142 -78444
70822 -77605
72290 -76813
72293 -76914
73624 -75849
74413 -74522
75712 -73990
76184 -73007
76683 -72785
77518 -72729
78702 -71821
79138 -69870
79649 -68579
80760 -67750
81117 -66413
81575 -65760
82473 -65345
82758 -64801
82727 -63275
83348 -61521
85099 -58784
86426 -55529
86218 -54010
86285 -53066
85260 -51373
85390 -48697
85184 -46514
84571 -45723
83712 -45093
82811 -44031
82738 -43424
82967 -42753
84357 -41939
84832 -41057
84759 -39048
85016 -37767
85516 -36883
86327 -36167
87906 -35677
90051 -35395
91118 -35432
92030 -36111
91714 -37191
92357 -38110
94113 -39674
95317 -40013
95628 -39517
96475 -37018
97848 -35747
98351 -35626
98916 -35810
99484 -36781
99340 -38389
98522 -40990
98624 -42385
98426 -44581
99325 -46279
99962 -47757
99707 -49090
99818 -50053
100864 -50906
101427 -51063
102731 -52033
103347 -52927
103796 -54793
104972 -56431
105758 -57140
107974 -58077
108845 -58324
110010 -58282
110451 -58546
112451 -59134
114715 -58645
116187 -57981
118510 -58404
119606 -56480
119734 -55814
119502 -54347
119752 -52861
119851 -52806
120968 -52129
122312 -52818
122883 -53178
